0       -5.00000e+00    1.291116e-12    8.008670e-02    -2.19288e+01    2.257040e+00    1.359372e-11    2.440357e-10    5.888259e+12    2.172622e+11
1       -4.50000e+00    4.562770e-08    7.934292e+01    3.799016e+01    3.868502e+03    4.802508e-07    5.566229e-07    1.735504e+08    1.161310e+08
2       -4.00000e+00    6.795952e-05    1.064588e+02    4.054363e+01    6.098432e+05    2.204869e-04    1.200721e-04    8.519460e+05    1.011310e+06
3       -3.50000e+00    2.491448e-04    8.294510e+01    3.837581e+01    1.492871e+06    4.165233e-04    2.200303e-04    3.530310e+05    4.271133e+05
4       -3.00000e+00    4.547100e-04    7.023761e+01    3.693139e+01    2.396698e+06    5.626861e-04    2.916084e-04    2.170066e+05    2.773860e+05
5       -2.50000e+00    6.353315e-04    6.246272e+01    3.591242e+01    3.212763e+06    6.676993e-04    3.411058e-04    1.583717e+05    2.163229e+05
6       -2.00000e+00    7.405122e-04    5.791314e+01    3.525554e+01    3.784932e+06    7.257644e-04    3.665050e-04    1.309852e+05    1.926588e+05
7       -1.50000e+00    7.572604e-04    5.541913e+01    3.487319e+01    4.048810e+06    7.405037e-04    3.703683e-04    1.190680e+05    1.894083e+05
8       -1.00000e+00    7.669354e-04    5.323740e+01    3.452434e+01    4.277513e+06    7.506235e-04    3.725796e-04    1.098886e+05    1.875853e+05
9       -5.00000e-01    7.752391e-04    5.124653e+01    3.419329e+01    4.497689e+06    7.590347e-04    3.744656e-04    1.022302e+05    1.860515e+05
10      0.000000e+00    7.827466e-04    4.940070e+01    3.387466e+01    4.714083e+06    7.662185e-04    3.761616e-04    9.565915e+04    1.846886e+05
11      5.000000e-01    7.896944e-04    4.766377e+01    3.356377e+01    4.930925e+06    7.724354e-04    3.777235e-04    8.988962e+04    1.834469e+05
12      1.000000e+00    7.962122e-04    4.600242e+01    3.325561e+01    5.149585e+06    7.778460e-04    3.791819e-04    8.471235e+04    1.822989e+05
13      1.500000e+00    8.023825e-04    4.438177e+01    3.294409e+01    5.374236e+06    7.825525e-04    3.805568e-04    7.995818e+04    1.812266e+05
14      2.000000e+00    8.082623e-04    4.275979e+01    3.262071e+01    5.610062e+06    7.866128e-04    3.818618e-04    7.547212e+04    1.802178e+05
15      2.500000e+00    8.138936e-04    4.107699e+01    3.227197e+01    5.868826e+06    7.900404e-04    3.831069e-04    7.108454e+04    1.792632e+05
16      3.000000e+00    8.193079e-04    3.923251e+01    3.187292e+01    6.172022e+06    7.927870e-04    3.842998e-04    6.656053e+04    1.783559e+05
17      3.500000e+00    8.245299e-04    3.701496e+01    3.136754e+01    6.564790e+06    7.946772e-04    3.854463e-04    6.146744e+04    1.774904e+05
18      4.000000e+00    8.295776e-04    3.381623e+01    3.058250e+01    7.193957e+06    7.951190e-04    3.865509e-04    5.465628e+04    1.766626e+05
19      4.500000e+00    8.344579e-04    2.586071e+01    2.825281e+01    9.342615e+06    7.898892e-04    3.876154e-04    3.962895e+04    1.758704e+05